{
    "train_videos": [
        {
            "file_name": "train00.mp4",
            "frame_rate": 25,
            "frame_num": 133,
            "camera_angle_x": 0.9029061794281006,
            "camera_hw": [
                800,
                800
            ],
            "transform_matrix": [
                [
                    0.4952082931995392,
                    -0.28640732169151306,
                    0.8202070593833923,
                    2.814270257949829
                ],
                [
                    0.8674217462539673,
                    0.11034078896045685,
                    -0.4851848781108856,
                    -2.090402126312256
                ],
                [
                    0.04845821484923363,
                    0.9517330527305603,
                    0.3030776083469391,
                    1.7649147510528564
                ],
                [
                    0.0,
                    0.0,
                    0.0,
                    1.0
                ]
            ]
        },
        {
            "file_name": "train01.mp4",
            "frame_rate": 25,
            "frame_num": 133,
            "camera_angle_x": 0.9029061794281006,
            "camera_hw": [
                800,
                800
            ],
            "transform_matrix": [
                [
                    0.20882101356983185,
                    0.22524212300777435,
                    -0.9516615867614746,
                    -3.1715469360351562
                ],
                [
                    -0.9779369831085205,
                    0.053811781108379364,
                    -0.20185023546218872,
                    -0.6315868496894836
                ],
                [
                    0.005745429079979658,
                    0.9728156328201294,
                    0.23150964081287384,
                    1.554914951324463
                ],
                [
                    0.0,
                    0.0,
                    0.0,
                    1.0
                ]
            ]
        },
        {
            "file_name": "train02.mp4",
            "frame_rate": 25,
            "frame_num": 133,
            "camera_angle_x": 0.9029061794281006,
            "camera_hw": [
                800,
                800
            ],
            "transform_matrix": [
                [
                    0.997874915599823,
                    -0.02060418576002121,
                    0.061815373599529266,
                    0.06634187698364258
                ],
                [
                    0.06490503251552582,
                    0.2306624948978424,
                    -0.9708666801452637,
                    -2.847759485244751
                ],
                [
                    0.005745429079979658,
                    0.9728156328201294,
                    0.23150964081287384,
                    1.5049149990081787
                ],
                [
                    0.0,
                    0.0,
                    0.0,
                    1.0
                ]
            ]
        },
        {
            "file_name": "train03.mp4",
            "frame_rate": 25,
            "frame_num": 133,
            "camera_angle_x": 0.9029061794281006,
            "camera_hw": [
                800,
                800
            ],
            "transform_matrix": [
                [
                    -0.9424648880958557,
                    0.11351587623357773,
                    -0.3144424557685852,
                    -0.8167085647583008
                ],
                [
                    -0.3196355402469635,
                    -0.5815491676330566,
                    0.74808669090271,
                    2.5656168460845947
                ],
                [
                    -0.09794403612613678,
                    0.8055524230003357,
                    0.584373414516449,
                    2.7935900688171387
                ],
                [
                    0.0,
                    0.0,
                    0.0,
                    1.0
                ]
            ]
        },
        {
            "file_name": "train04.mp4",
            "frame_rate": 25,
            "frame_num": 133,
            "camera_angle_x": 0.9029061794281006,
            "camera_hw": [
                800,
                800
            ],
            "transform_matrix": [
                [
                    -0.055554360151290894,
                    -0.4690898060798645,
                    0.8814014196395874,
                    2.5726380348205566
                ],
                [
                    0.9965450763702393,
                    0.02853466384112835,
                    0.07799822092056274,
                    0.4230550527572632
                ],
                [
                    -0.06173866614699364,
                    0.882689356803894,
                    0.46588391065597534,
                    2.1007399559020996
                ],
                [
                    0.0,
                    0.0,
                    0.0,
                    1.0
                ]
            ]
        },
        {
            "file_name": "train05.mp4",
            "frame_rate": 25,
            "frame_num": 133,
            "camera_angle_x": 0.9029061794281006,
            "camera_hw": [
                800,
                800
            ],
            "transform_matrix": [
                [
                    0.6748597025871277,
                    0.37176498770713806,
                    -0.637459933757782,
                    -2.0053107738494873
                ],
                [
                    -0.7363605499267578,
                    0.28265711665153503,
                    -0.6147179007530212,
                    -1.4792369604110718
                ],
                [
                    -0.04834800213575363,
                    0.884248673915863,
                    0.46450695395469666,
                    2.2750070095062256
                ],
                [
                    0.0,
                    0.0,
                    0.0,
                    1.0
                ]
            ]
        },
        {
            "file_name": "train06.mp4",
            "frame_rate": 25,
            "frame_num": 133,
            "camera_angle_x": 0.9029061794281006,
            "camera_hw": [
                800,
                800
            ],
            "transform_matrix": [
                [
                    0.934979259967804,
                    -0.148789644241333,
                    0.32198676466941833,
                    1.552067518234253
                ],
                [
                    0.35195982456207275,
                    0.27650222182273865,
                    -0.8942431211471558,
                    -2.537731647491455
                ],
                [
                    0.044024061411619186,
                    0.9494251608848572,
                    0.3108918070793152,
                    1.570533037185669
                ],
                [
                    0.0,
                    0.0,
                    0.0,
                    1.0
                ]
            ]
        }
    ],
    "test_videos": [
        {
            "file_name": "test00.mp4",
            "frame_rate": 25,
            "frame_num": 133,
            "camera_angle_x": 0.9029061794281006,
            "camera_hw": [
                800,
                800
            ],
            "transform_matrix_list": [
                [
                    [
                        -0.3090169429779053,
                        0.3915814459323883,
                        -0.8667020201683044,
                        -3.4937877655029297
                    ],
                    [
                        -0.9510564804077148,
                        -0.12723250687122345,
                        0.281608521938324,
                        1.1352003812789917
                    ],
                    [
                        7.450580152834618e-09,
                        0.9113044738769531,
                        0.41173306107521057,
                        1.659749150276184
                    ],
                    [
                        0.0,
                        0.0,
                        0.0,
                        1.0
                    ]
                ],
                [
                    [
                        -0.3090169429779053,
                        0.3915814459323883,
                        -0.8667020201683044,
                        -3.4937877655029297
                    ],
                    [
                        -0.9510564804077148,
                        -0.12723250687122345,
                        0.281608521938324,
                        1.1352003812789917
                    ],
                    [
                        7.450580152834618e-09,
                        0.9113044738769531,
                        0.41173306107521057,
                        1.659749150276184
                    ],
                    [
                        0.0,
                        0.0,
                        0.0,
                        1.0
                    ]
                ],
                [
                    [
                        -0.2890316843986511,
                        0.39416012167930603,
                        -0.8724095821380615,
                        -3.5167953968048096
                    ],
                    [
                        -0.9573194980621338,
                        -0.11900392174720764,
                        0.26339590549468994,
                        1.0617828369140625
                    ],
                    [
                        0.0,
                        0.9113044738769531,
                        0.41173309087753296,
                        1.659749150276184
                    ],
                    [
                        0.0,
                        0.0,
                        0.0,
                        1.0
                    ]
                ],
                [
                    [
                        -0.26891976594924927,
                        0.39656591415405273,
                        -0.877734363079071,
                        -3.5382602214813232
                    ],
                    [
                        -0.9631624221801758,
                        -0.11072318255901337,
                        0.24506783485412598,
                        0.9878999590873718
                    ],
                    [
                        7.450578820566989e-09,
                        0.9113044738769531,
                        0.41173309087753296,
                        1.659749150276184
                    ],
                    [
                        0.0,
                        0.0,
                        0.0,
                        1.0
                    ]
                ],
                [
                    [
                        -0.24868983030319214,
                        0.39879775047302246,
                        -0.8826741576194763,
                        -3.558173418045044
                    ],
                    [
                        -0.9685831665992737,
                        -0.10239382833242416,
                        0.22663214802742004,
                        0.9135833978652954
                    ],
                    [
                        7.450580596923828e-09,
                        0.9113044738769531,
                        0.41173309087753296,
                        1.659749150276184
                    ],
                    [
                        0.0,
                        0.0,
                        0.0,
                        1.0
                    ]
                ],
                [
                    [
                        -0.2079116702079773,
                        0.40273573994636536,
                        -0.8913902044296265,
                        -3.593309164047241
                    ],
                    [
                        -0.9781476259231567,
                        -0.08560411632061005,
                        0.1894708126783371,
                        0.7637813091278076
                    ],
                    [
                        -7.450580596923828e-09,
                        0.9113044738769531,
                        0.41173306107521057,
                        1.659749150276184
                    ],
                    [
                        0.0,
                        0.0,
                        0.0,
                        1.0
                    ]
                ],
                [
                    [
                        -0.18738120794296265,
                        0.40444016456604004,
                        -0.89516282081604,
                        -3.6085166931152344
                    ],
                    [
                        -0.9822872281074524,
                        -0.07715104520320892,
                        0.1707613468170166,
                        0.6883609890937805
                    ],
                    [
                        0.0,
                        0.9113044738769531,
                        0.41173309087753296,
                        1.659749150276184
                    ],
                    [
                        0.0,
                        0.0,
                        0.0,
                        1.0
                    ]
                ],
                [
                    [
                        -0.16676872968673706,
                        0.40596720576286316,
                        -0.898542582988739,
                        -3.622141122817993
                    ],
                    [
                        -0.9859960675239563,
                        -0.06866420805454254,
                        0.15197709202766418,
                        0.6126392483711243
                    ],
                    [
                        0.0,
                        0.9113044738769531,
                        0.41173309087753296,
                        1.659749150276184
                    ],
                    [
                        0.0,
                        0.0,
                        0.0,
                        1.0
                    ]
                ],
                [
                    [
                        -0.14608295261859894,
                        0.4073161780834198,
                        -0.9015283584594727,
                        -3.6341769695281982
                    ],
                    [
                        -0.9892722964286804,
                        -0.06014719232916832,
                        0.13312606513500214,
                        0.5366483330726624
                    ],
                    [
                        3.725290076417309e-09,
                        0.9113044738769531,
                        0.41173309087753296,
                        1.659749150276184
                    ],
                    [
                        0.0,
                        0.0,
                        0.0,
                        1.0
                    ]
                ],
                [
                    [
                        -0.12533323466777802,
                        0.4084864556789398,
                        -0.904118537902832,
                        -3.644618511199951
                    ],
                    [
                        -0.9921147227287292,
                        -0.05160384625196457,
                        0.11421674489974976,
                        0.46042242646217346
                    ],
                    [
                        0.0,
                        0.9113044738769531,
                        0.41173309087753296,
                        1.659749150276184
                    ],
                    [
                        0.0,
                        0.0,
                        0.0,
                        1.0
                    ]
                ],
                [
                    [
                        -0.0836777463555336,
                        0.41028904914855957,
                        -0.9081084728240967,
                        -3.6607022285461426
                    ],
                    [
                        -0.9964928030967712,
                        -0.0344528965651989,
                        0.0762559100985527,
                        0.30739739537239075
                    ],
                    [
                        0.0,
                        0.9113044738769531,
                        0.41173309087753296,
                        1.659749150276184
                    ],
                    [
                        0.0,
                        0.0,
                        0.0,
                        1.0
                    ]
                ],
                [
                    [
                        -0.06279049068689346,
                        0.410920649766922,
                        -0.9095061421394348,
                        -3.66633677482605
                    ],
                    [
                        -0.9980266690254211,
                        -0.025852929800748825,
                        0.05722126364707947,
                        0.23066630959510803
                    ],
                    [
                        1.8626450382086546e-09,
                        0.9113044738769531,
                        0.41173306107521057,
                        1.659749150276184
                    ],
                    [
                        0.0,
                        0.0,
                        0.0,
                        1.0
                    ]
                ],
                [
                    [
                        -0.04187558963894844,
                        0.4113719165325165,
                        -0.9105051159858704,
                        -3.670363426208496
                    ],
                    [
                        -0.9991229176521301,
                        -0.01724156364798546,
                        0.03816141188144684,
                        0.1538335680961609
                    ],
                    [
                        1.862645371275562e-09,
                        0.9113044738769531,
                        0.41173309087753296,
                        1.659749150276184
                    ],
                    [
                        0.0,
                        0.0,
                        0.0,
                        1.0
                    ]
                ],
                [
                    [
                        -0.02094242349267006,
                        0.41164276003837585,
                        -0.9111046195030212,
                        -3.6727800369262695
                    ],
                    [
                        -0.9997806549072266,
                        -0.008622689172625542,
                        0.019084924831986427,
                        0.07693379372358322
                    ],
                    [
                        -9.313225191043273e-10,
                        0.9113044738769531,
                        0.41173309087753296,
                        1.659749150276184
                    ],
                    [
                        0.0,
                        0.0,
                        0.0,
                        1.0
                    ]
                ],
                [
                    [
                        4.371138828673793e-08,
                        0.41173309087753296,
                        -0.9113044738769531,
                        -3.673585891723633
                    ],
                    [
                        -0.9999999403953552,
                        1.7997425771909548e-08,
                        -3.98343864560502e-08,
                        -1.6057754237408517e-07
                    ],
                    [
                        0.0,
                        0.9113044738769531,
                        0.41173309087753296,
                        1.659749150276184
                    ],
                    [
                        0.0,
                        0.0,
                        0.0,
                        1.0
                    ]
                ],
                [
                    [
                        0.041875675320625305,
                        0.4113719165325165,
                        -0.9105051159858704,
                        -3.670363426208496
                    ],
                    [
                        -0.9991228580474854,
                        0.017241600900888443,
                        -0.038161490112543106,
                        -0.15383388102054596
                    ],
                    [
                        0.0,
                        0.9113044738769531,
                        0.41173309087753296,
                        1.659749150276184
                    ],
                    [
                        0.0,
                        0.0,
                        0.0,
                        1.0
                    ]
                ],
                [
                    [
                        0.06279058009386063,
                        0.410920649766922,
                        -0.9095062017440796,
                        -3.66633677482605
                    ],
                    [
                        -0.9980266690254211,
                        0.02585296332836151,
                        -0.057221345603466034,
                        -0.2306666225194931
                    ],
                    [
                        -1.8626450382086546e-09,
                        0.9113044738769531,
                        0.41173309087753296,
                        1.659749150276184
                    ],
                    [
                        0.0,
                        0.0,
                        0.0,
                        1.0
                    ]
                ],
                [
                    [
                        0.08367784321308136,
                        0.41028904914855957,
                        -0.9081084728240967,
                        -3.6607022285461426
                    ],
                    [
                        -0.9964928030967712,
                        0.03445293754339218,
                        -0.07625599950551987,
                        -0.3073977530002594
                    ],
                    [
                        0.0,
                        0.9113044738769531,
                        0.41173309087753296,
                        1.659749150276184
                    ],
                    [
                        0.0,
                        0.0,
                        0.0,
                        1.0
                    ]
                ],
                [
                    [
                        0.1045285016298294,
                        0.4094775319099426,
                        -0.9063123464584351,
                        -3.653461456298828
                    ],
                    [
                        -0.9945218563079834,
                        0.04303784668445587,
                        -0.09525731205940247,
                        -0.383994460105896
                    ],
                    [
                        0.0,
                        0.9113044738769531,
                        0.41173312067985535,
                        1.659749150276184
                    ],
                    [
                        0.0,
                        0.0,
                        0.0,
                        1.0
                    ]
                ],
                [
                    [
                        0.12533320486545563,
                        0.4084864854812622,
                        -0.9041184782981873,
                        -3.644618511199951
                    ],
                    [
                        -0.9921147227287292,
                        0.05160383880138397,
                        -0.11421670764684677,
                        -0.4604223072528839
                    ],
                    [
                        3.725290298461914e-09,
                        0.9113044142723083,
                        0.41173306107521057,
                        1.659749150276184
                    ],
                    [
                        0.0,
                        0.0,
                        0.0,
                        1.0
                    ]
                ],
                [
                    [
                        0.16676883399486542,
                        0.40596717596054077,
                        -0.8985426425933838,
                        -3.622140884399414
                    ],
                    [
                        -0.9859959483146667,
                        0.06866424530744553,
                        -0.15197719633579254,
                        -0.6126396059989929
                    ],
                    [
                        -3.7252898543727042e-09,
                        0.9113044738769531,
                        0.41173312067985535,
                        1.659749150276184
                    ],
                    [
                        0.0,
                        0.0,
                        0.0,
                        1.0
                    ]
                ],
                [
                    [
                        0.1873812973499298,
                        0.40444010496139526,
                        -0.89516282081604,
                        -3.6085166931152344
                    ],
                    [
                        -0.9822871088981628,
                        0.07715108245611191,
                        -0.17076143622398376,
                        -0.6883613467216492
                    ],
                    [
                        7.4505797087454084e-09,
                        0.9113044738769531,
                        0.41173309087753296,
                        1.659749150276184
                    ],
                    [
                        0.0,
                        0.0,
                        0.0,
                        1.0
                    ]
                ],
                [
                    [
                        0.20791174471378326,
                        0.40273573994636536,
                        -0.8913902044296265,
                        -3.593309164047241
                    ],
                    [
                        -0.978147566318512,
                        0.08560414612293243,
                        -0.18947088718414307,
                        -0.7637816071510315
                    ],
                    [
                        0.0,
                        0.9113044738769531,
                        0.41173306107521057,
                        1.659749150276184
                    ],
                    [
                        0.0,
                        0.0,
                        0.0,
                        1.0
                    ]
                ],
                [
                    [
                        0.22835083305835724,
                        0.4008546471595764,
                        -0.8872268199920654,
                        -3.5765256881713867
                    ],
                    [
                        -0.9735788702964783,
                        0.09401959925889969,
                        -0.2080971598625183,
                        -0.8388664722442627
                    ],
                    [
                        -7.450580152834618e-09,
                        0.9113044738769531,
                        0.41173309087753296,
                        1.659749150276184
                    ],
                    [
                        0.0,
                        0.0,
                        0.0,
                        1.0
                    ]
                ],
                [
                    [
                        0.2486899346113205,
                        0.39879775047302246,
                        -0.8826741576194763,
                        -3.558173418045044
                    ],
                    [
                        -0.9685831665992737,
                        0.10239387303590775,
                        -0.2266322374343872,
                        -0.9135837554931641
                    ],
                    [
                        0.0,
                        0.9113044738769531,
                        0.41173309087753296,
                        1.659749150276184
                    ],
                    [
                        0.0,
                        0.0,
                        0.0,
                        1.0
                    ]
                ],
                [
                    [
                        0.2890318036079407,
                        0.39416012167930603,
                        -0.8724095821380615,
                        -3.5167951583862305
                    ],
                    [
                        -0.9573194980621338,
                        0.11900396645069122,
                        -0.2633960247039795,
                        -1.0617831945419312
                    ],
                    [
                        -1.4901160305669237e-08,
                        0.9113044738769531,
                        0.41173312067985535,
                        1.659749150276184
                    ],
                    [
                        0.0,
                        0.0,
                        0.0,
                        1.0
                    ]
                ],
                [
                    [
                        0.30901703238487244,
                        0.3915814459323883,
                        -0.8667020201683044,
                        -3.4937877655029297
                    ],
                    [
                        -0.9510565400123596,
                        0.12723253667354584,
                        -0.28160858154296875,
                        -1.1352006196975708
                    ],
                    [
                        0.0,
                        0.9113044738769531,
                        0.41173306107521057,
                        1.659749150276184
                    ],
                    [
                        0.0,
                        0.0,
                        0.0,
                        1.0
                    ]
                ],
                [
                    [
                        0.328866571187973,
                        0.3888310492038727,
                        -0.8606144189834595,
                        -3.469247579574585
                    ],
                    [
                        -0.9443763494491577,
                        0.1354052722454071,
                        -0.299697607755661,
                        -1.2081197500228882
                    ],
                    [
                        -7.450580152834618e-09,
                        0.9113044738769531,
                        0.41173309087753296,
                        1.659749150276184
                    ],
                    [
                        0.0,
                        0.0,
                        0.0,
                        1.0
                    ]
                ],
                [
                    [
                        0.3485720455646515,
                        0.3859100043773651,
                        -0.8541492819786072,
                        -3.443185806274414
                    ],
                    [
                        -0.9372819662094116,
                        0.14351865649223328,
                        -0.3176552653312683,
                        -1.280509352684021
                    ],
                    [
                        7.450580596923828e-09,
                        0.9113044738769531,
                        0.41173309087753296,
                        1.659749150276184
                    ],
                    [
                        0.0,
                        0.0,
                        0.0,
                        1.0
                    ]
                ],
                [
                    [
                        0.3681246042251587,
                        0.3828197419643402,
                        -0.847309410572052,
                        -3.4156136512756348
                    ],
                    [
                        -0.9297764897346497,
                        0.15156908333301544,
                        -0.33547356724739075,
                        -1.35233736038208
                    ],
                    [
                        1.4901161193847656e-08,
                        0.9113044738769531,
                        0.41173306107521057,
                        1.659749150276184
                    ],
                    [
                        0.0,
                        0.0,
                        0.0,
                        1.0
                    ]
                ],
                [
                    [
                        0.40673670172691345,
                        0.3761368989944458,
                        -0.8325179815292358,
                        -3.355987548828125
                    ],
                    [
                        -0.9135454297065735,
                        0.16746696829795837,
                        -0.3706609308719635,
                        -1.4941821098327637
                    ],
                    [
                        1.4901161193847656e-08,
                        0.9113044738769531,
                        0.41173306107521057,
                        1.659749150276184
                    ],
                    [
                        0.0,
                        0.0,
                        0.0,
                        1.0
                    ]
                ],
                [
                    [
                        0.42577943205833435,
                        0.3725472092628479,
                        -0.8245728611946106,
                        -3.3239598274230957
                    ],
                    [
                        -0.9048271179199219,
                        0.17530745267868042,
                        -0.38801461458206177,
                        -1.5641371011734009
                    ],
                    [
                        1.4901162970204496e-08,
                        0.9113044738769531,
                        0.41173306107521057,
                        1.659749150276184
                    ],
                    [
                        0.0,
                        0.0,
                        0.0,
                        1.0
                    ]
                ],
                [
                    [
                        0.44463521242141724,
                        0.36879414319992065,
                        -0.8162660598754883,
                        -3.2904739379882812
                    ],
                    [
                        -0.8957117795944214,
                        0.18307101726531982,
                        -0.40519800782203674,
                        -1.6334055662155151
                    ],
                    [
                        1.4901161193847656e-08,
                        0.9113044738769531,
                        0.41173306107521057,
                        1.659749150276184
                    ],
                    [
                        0.0,
                        0.0,
                        0.0,
                        1.0
                    ]
                ],
                [
                    [
                        0.46329596638679504,
                        0.3648793399333954,
                        -0.8076013326644897,
                        -3.255545139312744
                    ],
                    [
                        -0.8862035274505615,
                        0.19075429439544678,
                        -0.42220374941825867,
                        -1.7019577026367188
                    ],
                    [
                        0.0,
                        0.9113044738769531,
                        0.41173309087753296,
                        1.659749150276184
                    ],
                    [
                        0.0,
                        0.0,
                        0.0,
                        1.0
                    ]
                ],
                [
                    [
                        0.48175373673439026,
                        0.3608044385910034,
                        -0.798582136631012,
                        -3.2191874980926514
                    ],
                    [
                        -0.8763065338134766,
                        0.19835396111011505,
                        -0.4390243887901306,
                        -1.7697638273239136
                    ],
                    [
                        -2.9802317058624794e-08,
                        0.9113044738769531,
                        0.41173309087753296,
                        1.659749150276184
                    ],
                    [
                        0.0,
                        0.0,
                        0.0,
                        1.0
                    ]
                ],
                [
                    [
                        0.5180269479751587,
                        0.3521817624568939,
                        -0.7794973254203796,
                        -3.142253875732422
                    ],
                    [
                        -0.8553640842437744,
                        0.21328887343406677,
                        -0.47208037972450256,
                        -1.9030166864395142
                    ],
                    [
                        1.4901157641133977e-08,
                        0.9113044738769531,
                        0.41173312067985535,
                        1.659749150276184
                    ],
                    [
                        0.0,
                        0.0,
                        0.0,
                        1.0
                    ]
                ],
                [
                    [
                        0.5358267426490784,
                        0.34763777256011963,
                        -0.7694398760795593,
                        -3.1017112731933594
                    ],
                    [
